17
0.0 46.277342340886214 43.303178244625975 56.24495707634929 60.608936303302244 39.963280880565435 59.83942410594413 40.59794785002662 44.58663758823378 37.42912850866088 44.58663758823378 58.5836288934563 42.26311632485539 45.37066667339809 36.7273159261347 65.07894874818004 36.7273159261347
46.277342340886214 0.0 56.24495707634929 45.37066667339809 37.42912850866088 39.963280880565435 44.58663758823378 37.42912850866088 42.26311632485539 44.75270777790072 43.303178244625975 46.277342340886214 37.42912850866088 56.24495707634929 67.2982470584652 42.26311632485539 46.3612969451046
43.303178244625975 56.24495707634929 0.0 67.2982470584652 37.42912850866088 36.7273159261347 45.37066667339809 39.963280880565435 44.58663758823378 65.07894874818004 65.07894874818004 39.963280880565435 55.943396489546046 42.26311632485539 60.608936303302244 44.58663758823378 32.256053515986615
56.24495707634929 45.37066667339809 67.2982470584652 0.0 45.37066667339809 44.58663758823378 43.303178244625975 44.58663758823378 42.26311632485539 39.963280880565435 43.303178244625975 32.256053515986615 37.42912850866088 46.277342340886214 42.26311632485539 45.37066667339809 36.7273159261347
60.608936303302244 37.42912850866088 37.42912850866088 45.37066667339809 0.0 37.42912850866088 36.7273159261347 44.58663758823378 45.37066667339809 60.608936303302244 46.277342340886214 56.24495707634929 36.7273159261347 36.7273159261347 44.75270777790072 65.07894874818004 58.5836288934563
39.963280880565435 39.963280880565435 36.7273159261347 44.58663758823378 37.42912850866088 0.0 46.3612969451046 32.256053515986615 32.256053515986615 55.943396489546046 44.58663758823378 43.303178244625975 37.42912850866088 58.5836288934563 41.93737695078708 41.93737695078708 65.07894874818004
59.83942410594413 44.58663758823378 45.37066667339809 43.303178244625975 36.7273159261347 46.3612969451046 0.0 40.59794785002662 42.26311632485539 65.07894874818004 44.75270777790072 39.963280880565435 45.37066667339809 46.277342340886214 58.5836288934563 45.37066667339809 58.5836288934563
40.59794785002662 37.42912850866088 39.963280880565435 44.58663758823378 44.58663758823378 32.256053515986615 40.59794785002662 0.0 58.5836288934563 58.5836288934563 56.24495707634929 65.07894874818004 41.93737695078708 60.608936303302244 46.277342340886214 59.83942410594413 60.608936303302244
44.58663758823378 42.26311632485539 44.58663758823378 42.26311632485539 45.37066667339809 32.256053515986615 42.26311632485539 58.5836288934563 0.0 42.26311632485539 58.5836288934563 43.303178244625975 65.07894874818004 42.26311632485539 43.303178244625975 39.963280880565435 43.303178244625975
37.42912850866088 44.75270777790072 65.07894874818004 39.963280880565435 60.608936303302244 55.943396489546046 65.07894874818004 58.5836288934563 42.26311632485539 0.0 37.42912850866088 32.256053515986615 37.42912850866088 46.277342340886214 44.58663758823378 58.5836288934563 44.58663758823378
44.58663758823378 43.303178244625975 65.07894874818004 43.303178244625975 46.277342340886214 44.58663758823378 44.75270777790072 56.24495707634929 58.5836288934563 37.42912850866088 0.0 42.26311632485539 55.943396489546046 37.42912850866088 44.58663758823378 55.943396489546046 41.93737695078708
58.5836288934563 46.277342340886214 39.963280880565435 32.256053515986615 56.24495707634929 43.303178244625975 39.963280880565435 65.07894874818004 43.303178244625975 32.256053515986615 42.26311632485539 0.0 46.277342340886214 43.303178244625975 40.59794785002662 42.26311632485539 59.83942410594413
42.26311632485539 37.42912850866088 55.943396489546046 37.42912850866088 36.7273159261347 37.42912850866088 45.37066667339809 41.93737695078708 65.07894874818004 37.42912850866088 55.943396489546046 46.277342340886214 0.0 32.256053515986615 42.26311632485539 37.42912850866088 46.277342340886214
45.37066667339809 56.24495707634929 42.26311632485539 46.277342340886214 36.7273159261347 58.5836288934563 46.277342340886214 60.608936303302244 42.26311632485539 46.277342340886214 37.42912850866088 43.303178244625975 32.256053515986615 0.0 55.943396489546046 46.277342340886214 36.7273159261347
36.7273159261347 67.2982470584652 60.608936303302244 42.26311632485539 44.75270777790072 41.93737695078708 58.5836288934563 46.277342340886214 43.303178244625975 44.58663758823378 44.58663758823378 40.59794785002662 42.26311632485539 55.943396489546046 0.0 41.93737695078708 60.608936303302244
65.07894874818004 42.26311632485539 44.58663758823378 45.37066667339809 65.07894874818004 41.93737695078708 45.37066667339809 59.83942410594413 39.963280880565435 58.5836288934563 55.943396489546046 42.26311632485539 37.42912850866088 46.277342340886214 41.93737695078708 0.0 46.3612969451046
36.7273159261347 46.3612969451046 32.256053515986615 36.7273159261347 58.5836288934563 65.07894874818004 58.5836288934563 60.608936303302244 43.303178244625975 44.58663758823378 41.93737695078708 59.83942410594413 46.277342340886214 36.7273159261347 60.608936303302244 46.3612969451046 0.0
