19
0.0 41.46162097491997 44.13796001124319 49.22149644199865 63.57575086038793 42.81622320848423 52.60800482819594 58.64786569124749 49.75212147716915 42.62186111799801 42.62186111799801 40.72332091504166 54.84339474256761 49.75212147716915 58.64786569124749 44.13796001124319 51.83971412210495 48.5696521338082 47.25091168422156
41.46162097491997 0.0 51.83971412210495 32.11582877016279 42.62186111799801 49.22149644199865 44.13796001124319 44.13796001124319 49.22149644199865 47.4623491210586 58.64786569124749 32.11582877016279 42.81622320848423 42.81622320848423 57.194136503607446 43.938317381479344 42.81622320848423 48.5696521338082 42.81622320848423
44.13796001124319 51.83971412210495 0.0 56.108030985120045 52.60800482819594 53.77559979821409 40.72332091504166 58.64786569124749 54.84339474256761 49.75212147716915 41.46162097491997 40.72332091504166 44.13796001124319 49.22149644199865 52.60800482819594 54.84339474256761 49.22149644199865 41.46162097491997 63.57575086038793
49.22149644199865 32.11582877016279 56.108030985120045 0.0 47.4623491210586 43.938317381479344 41.46162097491997 57.194136503607446 42.81622320848423 52.60800482819594 57.194136503607446 43.938317381479344 41.46162097491997 48.5696521338082 53.77559979821409 44.13796001124319 42.81622320848423 54.84339474256761 52.60800482819594
63.57575086038793 42.62186111799801 52.60800482819594 47.4623491210586 0.0 57.194136503607446 51.83971412210495 56.108030985120045 49.22149644199865 49.75212147716915 44.13796001124319 40.72332091504166 56.108030985120045 58.64786569124749 52.60800482819594 48.5696521338082 47.4623491210586 41.46162097491997 57.194136503607446
42.81622320848423 49.22149644199865 53.77559979821409 43.938317381479344 57.194136503607446 0.0 40.72332091504166 42.62186111799801 42.81622320848423 40.72332091504166 42.62186111799801 49.22149644199865 54.84339474256761 58.64786569124749 56.108030985120045 63.57575086038793 44.13796001124319 40.72332091504166 57.194136503607446
52.60800482819594 44.13796001124319 40.72332091504166 41.46162097491997 51.83971412210495 40.72332091504166 0.0 43.938317381479344 47.4623491210586 47.4623491210586 42.62186111799801 52.60800482819594 47.25091168422156 63.57575086038793 52.60800482819594 53.77559979821409 58.64786569124749 44.13796001124319 53.77559979821409
58.64786569124749 44.13796001124319 58.64786569124749 57.194136503607446 56.108030985120045 42.62186111799801 43.938317381479344 0.0 54.84339474256761 44.13796001124319 58.64786569124749 32.11582877016279 32.11582877016279 32.11582877016279 44.13796001124319 54.84339474256761 47.25091168422156 58.64786569124749 42.81622320848423
49.75212147716915 49.22149644199865 54.84339474256761 42.81622320848423 49.22149644199865 42.81622320848423 47.4623491210586 54.84339474256761 0.0 49.75212147716915 53.77559979821409 43.938317381479344 41.46162097491997 42.62186111799801 42.62186111799801 54.84339474256761 47.25091168422156 41.46162097491997 57.194136503607446
42.62186111799801 47.4623491210586 49.75212147716915 52.60800482819594 49.75212147716915 40.72332091504166 47.4623491210586 44.13796001124319 49.75212147716915 0.0 63.57575086038793 51.83971412210495 63.57575086038793 32.11582877016279 42.62186111799801 43.938317381479344 54.84339474256761 53.77559979821409 40.72332091504166
42.62186111799801 58.64786569124749 41.46162097491997 57.194136503607446 44.13796001124319 42.62186111799801 42.62186111799801 58.64786569124749 53.77559979821409 63.57575086038793 0.0 43.938317381479344 43.938317381479344 42.62186111799801 32.11582877016279 63.57575086038793 52.60800482819594 49.22149644199865 32.11582877016279
40.72332091504166 32.11582877016279 40.72332091504166 43.938317381479344 40.72332091504166 49.22149644199865 52.60800482819594 32.11582877016279 43.938317381479344 51.83971412210495 43.938317381479344 0.0 44.13796001124319 52.60800482819594 58.64786569124749 51.83971412210495 44.13796001124319 52.60800482819594 53.77559979821409
54.84339474256761 42.81622320848423 44.13796001124319 41.46162097491997 56.108030985120045 54.84339474256761 47.25091168422156 32.11582877016279 41.46162097491997 63.57575086038793 43.938317381479344 44.13796001124319 0.0 51.83971412210495 58.64786569124749 51.83971412210495 44.13796001124319 51.83971412210495 44.13796001124319
49.75212147716915 42.81622320848423 49.22149644199865 48.5696521338082 58.64786569124749 58.64786569124749 63.57575086038793 32.11582877016279 42.62186111799801 32.11582877016279 42.62186111799801 52.60800482819594 51.83971412210495 0.0 49.22149644199865 42.81622320848423 54.84339474256761 51.83971412210495 47.4623491210586
58.64786569124749 57.194136503607446 52.60800482819594 53.77559979821409 52.60800482819594 56.108030985120045 52.60800482819594 44.13796001124319 42.62186111799801 42.62186111799801 32.11582877016279 58.64786569124749 58.64786569124749 49.22149644199865 0.0 40.72332091504166 41.46162097491997 47.4623491210586 51.83971412210495
44.13796001124319 43.938317381479344 54.84339474256761 44.13796001124319 48.5696521338082 63.57575086038793 53.77559979821409 54.84339474256761 54.84339474256761 43.938317381479344 63.57575086038793 51.83971412210495 51.83971412210495 42.81622320848423 40.72332091504166 0.0 48.5696521338082 49.75212147716915 47.4623491210586
51.83971412210495 42.81622320848423 49.22149644199865 42.81622320848423 47.4623491210586 44.13796001124319 58.64786569124749 47.25091168422156 47.25091168422156 54.84339474256761 52.60800482819594 44.13796001124319 44.13796001124319 54.84339474256761 41.46162097491997 48.5696521338082 0.0 44.13796001124319 49.75212147716915
48.5696521338082 48.5696521338082 41.46162097491997 54.84339474256761 41.46162097491997 40.72332091504166 44.13796001124319 58.64786569124749 41.46162097491997 53.77559979821409 49.22149644199865 52.60800482819594 51.83971412210495 51.83971412210495 47.4623491210586 49.75212147716915 44.13796001124319 0.0 63.57575086038793
47.25091168422156 42.81622320848423 63.57575086038793 52.60800482819594 57.194136503607446 57.194136503607446 53.77559979821409 42.81622320848423 57.194136503607446 40.72332091504166 32.11582877016279 53.77559979821409 44.13796001124319 47.4623491210586 51.83971412210495 47.4623491210586 49.75212147716915 63.57575086038793 0.0
