20
0.0 50.20732504545931 75.61365659660876 48.76053406346601 50.20732504545931 50.954760424286825 48.76053406346601 62.290280655585065 44.18520002739997 54.35073837347984 66.10964559103938 44.18520002739997 48.76053406346601 21.77966074831378 62.290280655585065 66.10964559103938 51.1976080519063 38.86886178714173 48.76053406346601 44.69169477476308
50.20732504545931 0.0 55.00554137494554 51.1976080519063 50.954760424286825 50.954760424286825 44.18520002739997 57.511512812588286 66.10964559103938 44.18520002739997 44.69169477476308 54.35073837347984 63.9213552672663 39.149624176698424 66.10964559103938 39.149624176698424 75.61365659660876 66.10964559103938 55.82292877015925 50.20732504545931
75.61365659660876 55.00554137494554 0.0 51.1976080519063 54.35073837347984 39.149624176698424 54.35073837347984 75.30200032733615 48.76053406346601 44.18520002739997 40.7876922293662 58.81316031859241 50.20732504545931 75.61365659660876 48.76053406346601 54.35073837347984 38.86886178714173 57.511512812588286 55.00554137494554 75.30200032733615
48.76053406346601 51.1976080519063 51.1976080519063 0.0 55.00554137494554 55.82292877015925 50.20732504545931 75.30200032733615 44.69169477476308 54.35073837347984 75.30200032733615 55.82292877015925 48.76053406346601 75.30200032733615 58.81316031859241 51.1976080519063 63.9213552672663 57.511512812588286 44.69169477476308 66.10964559103938
50.20732504545931 50.954760424286825 54.35073837347984 55.00554137494554 0.0 39.149624176698424 21.77966074831378 58.81316031859241 75.30200032733615 50.954760424286825 55.82292877015925 75.61365659660876 48.76053406346601 51.1976080519063 51.1976080519063 66.10964559103938 75.30200032733615 66.10964559103938 75.30200032733615 55.00554137494554
50.954760424286825 50.954760424286825 39.149624176698424 55.82292877015925 39.149624176698424 0.0 50.954760424286825 62.290280655585065 44.69169477476308 75.30200032733615 50.20732504545931 38.86886178714173 62.290280655585065 38.86886178714173 44.69169477476308 48.76053406346601 75.30200032733615 58.81316031859241 75.61365659660876 58.81316031859241
48.76053406346601 44.18520002739997 54.35073837347984 50.20732504545931 21.77966074831378 50.954760424286825 0.0 75.61365659660876 48.76053406346601 63.9213552672663 21.77966074831378 54.35073837347984 38.86886178714173 39.149624176698424 54.35073837347984 50.954760424286825 50.954760424286825 75.61365659660876 48.76053406346601 40.7876922293662
62.290280655585065 57.511512812588286 75.30200032733615 75.30200032733615 58.81316031859241 62.290280655585065 75.61365659660876 0.0 55.00554137494554 21.77966074831378 40.7876922293662 57.511512812588286 63.9213552672663 40.7876922293662 75.30200032733615 38.86886178714173 58.81316031859241 39.149624176698424 50.20732504545931 54.35073837347984
44.18520002739997 66.10964559103938 48.76053406346601 44.69169477476308 75.30200032733615 44.69169477476308 48.76053406346601 55.00554137494554 0.0 54.35073837347984 63.9213552672663 48.76053406346601 55.00554137494554 38.86886178714173 58.81316031859241 21.77966074831378 44.69169477476308 51.1976080519063 55.00554137494554 55.00554137494554
54.35073837347984 44.18520002739997 44.18520002739997 54.35073837347984 50.954760424286825 75.30200032733615 63.9213552672663 21.77966074831378 54.35073837347984 0.0 44.18520002739997 57.511512812588286 48.76053406346601 50.954760424286825 63.9213552672663 39.149624176698424 66.10964559103938 55.00554137494554 63.9213552672663 62.290280655585065
66.10964559103938 44.69169477476308 40.7876922293662 75.30200032733615 55.82292877015925 50.20732504545931 21.77966074831378 40.7876922293662 63.9213552672663 44.18520002739997 0.0 21.77966074831378 75.61365659660876 75.30200032733615 51.1976080519063 50.20732504545931 51.1976080519063 63.9213552672663 38.86886178714173 55.82292877015925
44.18520002739997 54.35073837347984 58.81316031859241 55.82292877015925 75.61365659660876 38.86886178714173 54.35073837347984 57.511512812588286 48.76053406346601 57.511512812588286 21.77966074831378 0.0 57.511512812588286 75.30200032733615 55.00554137494554 40.7876922293662 50.20732504545931 54.35073837347984 63.9213552672663 40.7876922293662
48.76053406346601 63.9213552672663 50.20732504545931 48.76053406346601 48.76053406346601 62.290280655585065 38.86886178714173 63.9213552672663 55.00554137494554 48.76053406346601 75.61365659660876 57.511512812588286 0.0 66.10964559103938 50.20732504545931 39.149624176698424 55.00554137494554 48.76053406346601 58.81316031859241 66.10964559103938
21.77966074831378 39.149624176698424 75.61365659660876 75.30200032733615 51.1976080519063 38.86886178714173 39.149624176698424 40.7876922293662 38.86886178714173 50.954760424286825 75.30200032733615 75.30200032733615 66.10964559103938 0.0 62.290280655585065 44.69169477476308 38.86886178714173 48.76053406346601 57.511512812588286 55.00554137494554
62.290280655585065 66.10964559103938 48.76053406346601 58.81316031859241 51.1976080519063 44.69169477476308 54.35073837347984 75.30200032733615 58.81316031859241 63.9213552672663 51.1976080519063 55.00554137494554 50.20732504545931 62.290280655585065 0.0 63.9213552672663 38.86886178714173 50.954760424286825 39.149624176698424 55.00554137494554
66.10964559103938 39.149624176698424 54.35073837347984 51.1976080519063 66.10964559103938 48.76053406346601 50.954760424286825 38.86886178714173 21.77966074831378 39.149624176698424 50.20732504545931 40.7876922293662 39.149624176698424 44.69169477476308 63.9213552672663 0.0 63.9213552672663 44.69169477476308 54.35073837347984 50.954760424286825
51.1976080519063 75.61365659660876 38.86886178714173 63.9213552672663 75.30200032733615 75.30200032733615 50.954760424286825 58.81316031859241 44.69169477476308 66.10964559103938 51.1976080519063 50.20732504545931 55.00554137494554 38.86886178714173 38.86886178714173 63.9213552672663 0.0 54.35073837347984 21.77966074831378 50.954760424286825
38.86886178714173 66.10964559103938 57.511512812588286 57.511512812588286 66.10964559103938 58.81316031859241 75.61365659660876 39.149624176698424 51.1976080519063 55.00554137494554 63.9213552672663 54.35073837347984 48.76053406346601 48.76053406346601 50.954760424286825 44.69169477476308 54.35073837347984 0.0 62.290280655585065 50.954760424286825
48.76053406346601 55.82292877015925 55.00554137494554 44.69169477476308 75.30200032733615 75.61365659660876 48.76053406346601 50.20732504545931 55.00554137494554 63.9213552672663 38.86886178714173 63.9213552672663 58.81316031859241 57.511512812588286 39.149624176698424 54.35073837347984 21.77966074831378 62.290280655585065 0.0 44.69169477476308
44.69169477476308 50.20732504545931 75.30200032733615 66.10964559103938 55.00554137494554 58.81316031859241 40.7876922293662 54.35073837347984 55.00554137494554 62.290280655585065 55.82292877015925 40.7876922293662 66.10964559103938 55.00554137494554 55.00554137494554 50.954760424286825 50.954760424286825 50.954760424286825 44.69169477476308 0.0
