30
0.0 61.32452111772668 59.116742558563985 59.92220704253074 55.0461749591858 55.72734258596176 39.83465843291559 48.680973770107855 49.83069257496368 57.24655494277315 61.32452111772668 39.83465843291559 59.92220704253074 59.116742558563985 61.32452111772668 49.83069257496368 57.24655494277315 39.83465843291559 61.32452111772668 59.116742558563985 48.680973770107855 55.72734258596176 45.10570482706728 45.10570482706728 59.116742558563985 35.99747164798894 41.756872248988365 52.866997645591 35.99747164798894 48.680973770107855
61.32452111772668 0.0 45.10570482706728 59.116742558563985 45.10570482706728 45.10570482706728 44.4489187511485 49.83069257496368 44.4489187511485 49.83069257496368 41.756872248988365 61.32452111772668 48.680973770107855 55.0461749591858 49.83069257496368 61.32452111772668 39.83465843291559 52.866997645591 55.0461749591858 48.680973770107855 57.24655494277315 61.32452111772668 46.58155622067644 48.680973770107855 68.65174243882583 59.116742558563985 45.10570482706728 61.32452111772668 48.680973770107855 44.4489187511485
59.116742558563985 45.10570482706728 0.0 48.680973770107855 59.116742558563985 45.10570482706728 61.32452111772668 59.116742558563985 44.4489187511485 59.92220704253074 48.35328564955888 59.116742558563985 55.72734258596176 39.83465843291559 52.866997645591 38.40116652653788 57.24655494277315 49.83069257496368 41.756872248988365 49.83069257496368 44.4489187511485 59.116742558563985 59.92220704253074 38.40116652653788 45.10570482706728 51.32105536097776 46.58155622067644 44.4489187511485 38.40116652653788 68.65174243882583
59.92220704253074 59.116742558563985 48.680973770107855 0.0 57.24655494277315 46.58155622067644 44.4489187511485 38.40116652653788 59.116742558563985 45.10570482706728 46.58155622067644 46.58155622067644 48.680973770107855 44.4489187511485 48.35328564955888 55.0461749591858 39.83465843291559 57.24655494277315 39.83465843291559 48.35328564955888 48.35328564955888 57.24655494277315 68.65174243882583 46.58155622067644 39.83465843291559 46.58155622067644 35.99747164798894 55.72734258596176 45.10570482706728 39.83465843291559
55.0461749591858 45.10570482706728 59.116742558563985 57.24655494277315 0.0 45.10570482706728 38.40116652653788 59.92220704253074 48.680973770107855 38.40116652653788 55.0461749591858 51.32105536097776 59.116742558563985 41.756872248988365 49.83069257496368 38.40116652653788 51.32105536097776 59.92220704253074 49.83069257496368 55.0461749591858 48.35328564955888 48.35328564955888 48.35328564955888 48.35328564955888 46.58155622067644 39.83465843291559 52.866997645591 48.680973770107855 35.99747164798894 42.4294381268539
55.72734258596176 45.10570482706728 45.10570482706728 46.58155622067644 45.10570482706728 0.0 49.83069257496368 59.116742558563985 35.99747164798894 35.99747164798894 68.65174243882583 52.866997645591 61.32452111772668 46.58155622067644 42.4294381268539 57.24655494277315 51.32105536097776 55.0461749591858 44.4489187511485 59.92220704253074 68.65174243882583 59.116742558563985 68.65174243882583 44.4489187511485 52.866997645591 52.866997645591 61.32452111772668 44.4489187511485 42.4294381268539 39.83465843291559
39.83465843291559 44.4489187511485 61.32452111772668 44.4489187511485 38.40116652653788 49.83069257496368 0.0 59.92220704253074 35.99747164798894 55.72734258596176 68.65174243882583 68.65174243882583 55.0461749591858 35.99747164798894 44.4489187511485 41.756872248988365 42.4294381268539 61.32452111772668 55.72734258596176 52.866997645591 51.32105536097776 68.65174243882583 39.83465843291559 57.24655494277315 55.0461749591858 51.32105536097776 55.0461749591858 48.35328564955888 49.83069257496368 55.0461749591858
48.680973770107855 49.83069257496368 59.116742558563985 38.40116652653788 59.92220704253074 59.116742558563985 59.92220704253074 0.0 44.4489187511485 68.65174243882583 59.116742558563985 39.83465843291559 45.10570482706728 57.24655494277315 59.92220704253074 42.4294381268539 48.680973770107855 38.40116652653788 51.32105536097776 52.866997645591 48.680973770107855 46.58155622067644 51.32105536097776 57.24655494277315 57.24655494277315 35.99747164798894 55.72734258596176 48.35328564955888 41.756872248988365 61.32452111772668
49.83069257496368 44.4489187511485 44.4489187511485 59.116742558563985 48.680973770107855 35.99747164798894 35.99747164798894 44.4489187511485 0.0 57.24655494277315 55.0461749591858 35.99747164798894 48.680973770107855 48.680973770107855 44.4489187511485 42.4294381268539 52.866997645591 45.10570482706728 44.4489187511485 59.116742558563985 39.83465843291559 39.83465843291559 61.32452111772668 35.99747164798894 42.4294381268539 46.58155622067644 68.65174243882583 39.83465843291559 41.756872248988365 59.92220704253074
57.24655494277315 49.83069257496368 59.92220704253074 45.10570482706728 38.40116652653788 35.99747164798894 55.72734258596176 68.65174243882583 57.24655494277315 0.0 61.32452111772668 48.35328564955888 49.83069257496368 61.32452111772668 38.40116652653788 39.83465843291559 39.83465843291559 44.4489187511485 61.32452111772668 61.32452111772668 55.0461749591858 59.116742558563985 68.65174243882583 52.866997645591 48.680973770107855 55.0461749591858 55.0461749591858 61.32452111772668 35.99747164798894 38.40116652653788
61.32452111772668 41.756872248988365 48.35328564955888 46.58155622067644 55.0461749591858 68.65174243882583 68.65174243882583 59.116742558563985 55.0461749591858 61.32452111772668 0.0 55.72734258596176 59.116742558563985 35.99747164798894 51.32105536097776 48.35328564955888 46.58155622067644 52.866997645591 55.0461749591858 41.756872248988365 59.92220704253074 59.92220704253074 48.35328564955888 55.72734258596176 35.99747164798894 59.92220704253074 55.0461749591858 44.4489187511485 48.680973770107855 49.83069257496368
39.83465843291559 61.32452111772668 59.116742558563985 46.58155622067644 51.32105536097776 52.866997645591 68.65174243882583 39.83465843291559 35.99747164798894 48.35328564955888 55.72734258596176 0.0 59.116742558563985 59.116742558563985 48.35328564955888 49.83069257496368 61.32452111772668 48.680973770107855 35.99747164798894 46.58155622067644 46.58155622067644 35.99747164798894 55.0461749591858 49.83069257496368 39.83465843291559 57.24655494277315 38.40116652653788 42.4294381268539 55.72734258596176 61.32452111772668
59.92220704253074 48.680973770107855 55.72734258596176 48.680973770107855 59.116742558563985 61.32452111772668 55.0461749591858 45.10570482706728 48.680973770107855 49.83069257496368 59.116742558563985 59.116742558563985 0.0 51.32105536097776 51.32105536097776 38.40116652653788 49.83069257496368 51.32105536097776 39.83465843291559 39.83465843291559 46.58155622067644 55.0461749591858 59.116742558563985 38.40116652653788 35.99747164798894 38.40116652653788 49.83069257496368 51.32105536097776 49.83069257496368 48.35328564955888
59.116742558563985 55.0461749591858 39.83465843291559 44.4489187511485 41.756872248988365 46.58155622067644 35.99747164798894 57.24655494277315 48.680973770107855 61.32452111772668 35.99747164798894 59.116742558563985 51.32105536097776 0.0 38.40116652653788 55.0461749591858 57.24655494277315 55.0461749591858 48.35328564955888 48.35328564955888 48.680973770107855 41.756872248988365 44.4489187511485 44.4489187511485 42.4294381268539 41.756872248988365 55.0461749591858 42.4294381268539 45.10570482706728 35.99747164798894
61.32452111772668 49.83069257496368 52.866997645591 48.35328564955888 49.83069257496368 42.4294381268539 44.4489187511485 59.92220704253074 44.4489187511485 38.40116652653788 51.32105536097776 48.35328564955888 51.32105536097776 38.40116652653788 0.0 35.99747164798894 49.83069257496368 35.99747164798894 44.4489187511485 61.32452111772668 45.10570482706728 57.24655494277315 61.32452111772668 59.92220704253074 45.10570482706728 48.680973770107855 55.0461749591858 48.35328564955888 68.65174243882583 55.72734258596176
49.83069257496368 61.32452111772668 38.40116652653788 55.0461749591858 38.40116652653788 57.24655494277315 41.756872248988365 42.4294381268539 42.4294381268539 39.83465843291559 48.35328564955888 49.83069257496368 38.40116652653788 55.0461749591858 35.99747164798894 0.0 41.756872248988365 49.83069257496368 41.756872248988365 55.0461749591858 38.40116652653788 68.65174243882583 35.99747164798894 59.92220704253074 44.4489187511485 52.866997645591 45.10570482706728 59.92220704253074 46.58155622067644 52.866997645591
57.24655494277315 39.83465843291559 57.24655494277315 39.83465843291559 51.32105536097776 51.32105536097776 42.4294381268539 48.680973770107855 52.866997645591 39.83465843291559 46.58155622067644 61.32452111772668 49.83069257496368 57.24655494277315 49.83069257496368 41.756872248988365 0.0 55.72734258596176 48.35328564955888 45.10570482706728 39.83465843291559 42.4294381268539 48.35328564955888 59.92220704253074 46.58155622067644 38.40116652653788 49.83069257496368 45.10570482706728 49.83069257496368 46.58155622067644
39.83465843291559 52.866997645591 49.83069257496368 57.24655494277315 59.92220704253074 55.0461749591858 61.32452111772668 38.40116652653788 45.10570482706728 44.4489187511485 52.866997645591 48.680973770107855 51.32105536097776 55.0461749591858 35.99747164798894 49.83069257496368 55.72734258596176 0.0 52.866997645591 48.35328564955888 45.10570482706728 55.0461749591858 61.32452111772668 51.32105536097776 35.99747164798894 55.0461749591858 35.99747164798894 42.4294381268539 68.65174243882583 42.4294381268539
61.32452111772668 55.0461749591858 41.756872248988365 39.83465843291559 49.83069257496368 44.4489187511485 55.72734258596176 51.32105536097776 44.4489187511485 61.32452111772668 55.0461749591858 35.99747164798894 39.83465843291559 48.35328564955888 44.4489187511485 41.756872248988365 48.35328564955888 52.866997645591 0.0 68.65174243882583 41.756872248988365 52.866997645591 48.35328564955888 35.99747164798894 45.10570482706728 44.4489187511485 59.92220704253074 39.83465843291559 41.756872248988365 35.99747164798894
59.116742558563985 48.680973770107855 49.83069257496368 48.35328564955888 55.0461749591858 59.92220704253074 52.866997645591 52.866997645591 59.116742558563985 61.32452111772668 41.756872248988365 46.58155622067644 39.83465843291559 48.35328564955888 61.32452111772668 55.0461749591858 45.10570482706728 48.35328564955888 68.65174243882583 0.0 46.58155622067644 61.32452111772668 55.0461749591858 38.40116652653788 57.24655494277315 51.32105536097776 68.65174243882583 48.35328564955888 48.680973770107855 46.58155622067644
48.680973770107855 57.24655494277315 44.4489187511485 48.35328564955888 48.35328564955888 68.65174243882583 51.32105536097776 48.680973770107855 39.83465843291559 55.0461749591858 59.92220704253074 46.58155622067644 46.58155622067644 48.680973770107855 45.10570482706728 38.40116652653788 39.83465843291559 45.10570482706728 41.756872248988365 46.58155622067644 0.0 39.83465843291559 48.680973770107855 39.83465843291559 68.65174243882583 59.92220704253074 61.32452111772668 48.35328564955888 52.866997645591 68.65174243882583
55.72734258596176 61.32452111772668 59.116742558563985 57.24655494277315 48.35328564955888 59.116742558563985 68.65174243882583 46.58155622067644 39.83465843291559 59.116742558563985 59.92220704253074 35.99747164798894 55.0461749591858 41.756872248988365 57.24655494277315 68.65174243882583 42.4294381268539 55.0461749591858 52.866997645591 61.32452111772668 39.83465843291559 0.0 49.83069257496368 59.92220704253074 48.35328564955888 45.10570482706728 59.92220704253074 38.40116652653788 38.40116652653788 52.866997645591
45.10570482706728 46.58155622067644 59.92220704253074 68.65174243882583 48.35328564955888 68.65174243882583 39.83465843291559 51.32105536097776 61.32452111772668 68.65174243882583 48.35328564955888 55.0461749591858 59.116742558563985 44.4489187511485 61.32452111772668 35.99747164798894 48.35328564955888 61.32452111772668 48.35328564955888 55.0461749591858 48.680973770107855 49.83069257496368 0.0 44.4489187511485 51.32105536097776 38.40116652653788 51.32105536097776 44.4489187511485 55.0461749591858 42.4294381268539
45.10570482706728 48.680973770107855 38.40116652653788 46.58155622067644 48.35328564955888 44.4489187511485 57.24655494277315 57.24655494277315 35.99747164798894 52.866997645591 55.72734258596176 49.83069257496368 38.40116652653788 44.4489187511485 59.92220704253074 59.92220704253074 59.92220704253074 51.32105536097776 35.99747164798894 38.40116652653788 39.83465843291559 59.92220704253074 44.4489187511485 0.0 45.10570482706728 59.92220704253074 59.92220704253074 39.83465843291559 51.32105536097776 51.32105536097776
59.116742558563985 68.65174243882583 45.10570482706728 39.83465843291559 46.58155622067644 52.866997645591 55.0461749591858 57.24655494277315 42.4294381268539 48.680973770107855 35.99747164798894 39.83465843291559 35.99747164798894 42.4294381268539 45.10570482706728 44.4489187511485 46.58155622067644 35.99747164798894 45.10570482706728 57.24655494277315 68.65174243882583 48.35328564955888 51.32105536097776 45.10570482706728 0.0 55.72734258596176 35.99747164798894 68.65174243882583 42.4294381268539 44.4489187511485
35.99747164798894 59.116742558563985 51.32105536097776 46.58155622067644 39.83465843291559 52.866997645591 51.32105536097776 35.99747164798894 46.58155622067644 55.0461749591858 59.92220704253074 57.24655494277315 38.40116652653788 41.756872248988365 48.680973770107855 52.866997645591 38.40116652653788 55.0461749591858 44.4489187511485 51.32105536097776 59.92220704253074 45.10570482706728 38.40116652653788 59.92220704253074 55.72734258596176 0.0 44.4489187511485 41.756872248988365 46.58155622067644 68.65174243882583
41.756872248988365 45.10570482706728 46.58155622067644 35.99747164798894 52.866997645591 61.32452111772668 55.0461749591858 55.72734258596176 68.65174243882583 55.0461749591858 55.0461749591858 38.40116652653788 49.83069257496368 55.0461749591858 55.0461749591858 45.10570482706728 49.83069257496368 35.99747164798894 59.92220704253074 68.65174243882583 61.32452111772668 59.92220704253074 51.32105536097776 59.92220704253074 35.99747164798894 44.4489187511485 0.0 48.680973770107855 57.24655494277315 55.0461749591858
52.866997645591 61.32452111772668 44.4489187511485 55.72734258596176 48.680973770107855 44.4489187511485 48.35328564955888 48.35328564955888 39.83465843291559 61.32452111772668 44.4489187511485 42.4294381268539 51.32105536097776 42.4294381268539 48.35328564955888 59.92220704253074 45.10570482706728 42.4294381268539 39.83465843291559 48.35328564955888 48.35328564955888 38.40116652653788 44.4489187511485 39.83465843291559 68.65174243882583 41.756872248988365 48.680973770107855 0.0 42.4294381268539 39.83465843291559
35.99747164798894 48.680973770107855 38.40116652653788 45.10570482706728 35.99747164798894 42.4294381268539 49.83069257496368 41.756872248988365 41.756872248988365 35.99747164798894 48.680973770107855 55.72734258596176 49.83069257496368 45.10570482706728 68.65174243882583 46.58155622067644 49.83069257496368 68.65174243882583 41.756872248988365 48.680973770107855 52.866997645591 38.40116652653788 55.0461749591858 51.32105536097776 42.4294381268539 46.58155622067644 57.24655494277315 42.4294381268539 0.0 44.4489187511485
48.680973770107855 44.4489187511485 68.65174243882583 39.83465843291559 42.4294381268539 39.83465843291559 55.0461749591858 61.32452111772668 59.92220704253074 38.40116652653788 49.83069257496368 61.32452111772668 48.35328564955888 35.99747164798894 55.72734258596176 52.866997645591 46.58155622067644 42.4294381268539 35.99747164798894 46.58155622067644 68.65174243882583 52.866997645591 42.4294381268539 51.32105536097776 44.4489187511485 68.65174243882583 55.0461749591858 39.83465843291559 44.4489187511485 0.0
