16
0.0 60.35554530346043 43.089801205615 23.94340511247419 73.27959063447729 73.27959063447729 62.934469893163666 73.27959063447729 60.35554530346043 46.57576644718267 52.89774585947089 38.05633973835668 56.79219038866445 57.41090393911849 23.94340511247419 62.934469893163666
60.35554530346043 0.0 46.57576644718267 48.17764432260191 31.573185098120888 56.79219038866445 49.54940137908262 46.57576644718267 51.515919732702514 49.54940137908262 23.94340511247419 51.515919732702514 54.916226101114596 51.02560997072781 43.089801205615 38.05633973835668
43.089801205615 46.57576644718267 0.0 38.71511944523211 49.54940137908262 51.515919732702514 56.79219038866445 51.515919732702514 73.27959063447729 51.02560997072781 46.57576644718267 51.02560997072781 44.26374843912331 38.2312467099636 59.31545909310435 48.17764432260191
23.94340511247419 48.17764432260191 38.71511944523211 0.0 60.35554530346043 60.35554530346043 31.573185098120888 52.89774585947089 51.515919732702514 51.02560997072781 23.94340511247419 51.515919732702514 52.89774585947089 43.089801205615 73.27959063447729 43.089801205615
73.27959063447729 31.573185098120888 49.54940137908262 60.35554530346043 0.0 23.94340511247419 54.916226101114596 60.35554530346043 52.89774585947089 62.934469893163666 59.31545909310435 38.2312467099636 60.35554530346043 46.57576644718267 48.17764432260191 56.79219038866445
73.27959063447729 56.79219038866445 51.515919732702514 60.35554530346043 23.94340511247419 0.0 23.94340511247419 62.934469893163666 38.2312467099636 52.89774585947089 52.89774585947089 52.89774585947089 48.17764432260191 51.515919732702514 23.94340511247419 48.17764432260191
62.934469893163666 49.54940137908262 56.79219038866445 31.573185098120888 54.916226101114596 23.94340511247419 0.0 38.71511944523211 44.26374843912331 51.02560997072781 48.17764432260191 48.17764432260191 73.27959063447729 73.27959063447729 23.94340511247419 46.57576644718267
73.27959063447729 46.57576644718267 51.515919732702514 52.89774585947089 60.35554530346043 62.934469893163666 38.71511944523211 0.0 56.79219038866445 60.35554530346043 38.2312467099636 48.17764432260191 51.515919732702514 56.79219038866445 49.54940137908262 31.573185098120888
60.35554530346043 51.515919732702514 73.27959063447729 51.515919732702514 52.89774585947089 38.2312467099636 44.26374843912331 56.79219038866445 0.0 54.916226101114596 43.089801205615 49.54940137908262 23.94340511247419 38.05633973835668 38.05633973835668 31.573185098120888
46.57576644718267 49.54940137908262 51.02560997072781 51.02560997072781 62.934469893163666 52.89774585947089 51.02560997072781 60.35554530346043 54.916226101114596 0.0 44.26374843912331 49.54940137908262 23.94340511247419 38.2312467099636 57.41090393911849 51.02560997072781
52.89774585947089 23.94340511247419 46.57576644718267 23.94340511247419 59.31545909310435 52.89774585947089 48.17764432260191 38.2312467099636 43.089801205615 44.26374843912331 0.0 49.54940137908262 51.02560997072781 59.31545909310435 54.916226101114596 59.31545909310435
38.05633973835668 51.515919732702514 51.02560997072781 51.515919732702514 38.2312467099636 52.89774585947089 48.17764432260191 48.17764432260191 49.54940137908262 49.54940137908262 49.54940137908262 0.0 44.26374843912331 38.2312467099636 73.27959063447729 73.27959063447729
56.79219038866445 54.916226101114596 44.26374843912331 52.89774585947089 60.35554530346043 48.17764432260191 73.27959063447729 51.515919732702514 23.94340511247419 23.94340511247419 51.02560997072781 44.26374843912331 0.0 57.41090393911849 51.02560997072781 62.934469893163666
57.41090393911849 51.02560997072781 38.2312467099636 43.089801205615 46.57576644718267 51.515919732702514 73.27959063447729 56.79219038866445 38.05633973835668 38.2312467099636 59.31545909310435 38.2312467099636 57.41090393911849 0.0 51.515919732702514 62.934469893163666
23.94340511247419 43.089801205615 59.31545909310435 73.27959063447729 48.17764432260191 23.94340511247419 23.94340511247419 49.54940137908262 38.05633973835668 57.41090393911849 54.916226101114596 73.27959063447729 51.02560997072781 51.515919732702514 0.0 38.2312467099636
62.934469893163666 38.05633973835668 48.17764432260191 43.089801205615 56.79219038866445 48.17764432260191 46.57576644718267 31.573185098120888 31.573185098120888 51.02560997072781 59.31545909310435 73.27959063447729 62.934469893163666 62.934469893163666 38.2312467099636 0.0
