18
0.0 53.840886062613635 55.02227644722948 61.87586085788971 50.52729246428253 52.354891104463896 44.96228677103868 51.081475700275625 55.02227644722948 55.02227644722948 53.88818944736145 51.081475700275625 50.52729246428253 54.92477609723463 53.88818944736145 46.45782370423031 46.45782370423031 53.30120404030467
53.840886062613635 0.0 44.537780901534205 45.45278805284669 45.45278805284669 45.45278805284669 46.45782370423031 44.96228677103868 60.955902954836034 44.537780901534205 46.45782370423031 44.537780901534205 38.51997310676926 50.52729246428253 56.80417411483482 56.585289731799556 61.87586085788971 51.081475700275625
55.02227644722948 44.537780901534205 0.0 46.45782370423031 60.955902954836034 52.354891104463896 53.840886062613635 51.081475700275625 60.955902954836034 54.92477609723463 53.88818944736145 61.87586085788971 44.537780901534205 47.67617079261326 44.96228677103868 53.88818944736145 54.92477609723463 52.354891104463896
61.87586085788971 45.45278805284669 46.45782370423031 0.0 53.30120404030467 38.51997310676926 44.537780901534205 51.081475700275625 53.30120404030467 44.537780901534205 60.955902954836034 55.34954172075298 51.081475700275625 61.87586085788971 51.081475700275625 55.34954172075298 38.51997310676926 54.92477609723463
50.52729246428253 45.45278805284669 60.955902954836034 53.30120404030467 0.0 38.51997310676926 53.840886062613635 54.92477609723463 52.354891104463896 53.840886062613635 44.96228677103868 53.30120404030467 44.537780901534205 51.081475700275625 50.52729246428253 45.45278805284669 60.955902954836034 53.30120404030467
52.354891104463896 45.45278805284669 52.354891104463896 38.51997310676926 38.51997310676926 0.0 47.67617079261326 51.081475700275625 51.081475700275625 54.92477609723463 52.354891104463896 46.45782370423031 53.840886062613635 54.92477609723463 50.52729246428253 55.34954172075298 44.537780901534205 61.87586085788971
44.96228677103868 46.45782370423031 53.840886062613635 44.537780901534205 53.840886062613635 47.67617079261326 0.0 61.22184618680075 55.02227644722948 50.52729246428253 56.585289731799556 55.34954172075298 55.34954172075298 50.52729246428253 56.585289731799556 51.081475700275625 55.34954172075298 61.22184618680075
51.081475700275625 44.96228677103868 51.081475700275625 51.081475700275625 54.92477609723463 51.081475700275625 61.22184618680075 0.0 61.22184618680075 51.081475700275625 46.45782370423031 55.34954172075298 45.45278805284669 54.92477609723463 61.22184618680075 44.537780901534205 56.585289731799556 52.354891104463896
55.02227644722948 60.955902954836034 60.955902954836034 53.30120404030467 52.354891104463896 51.081475700275625 55.02227644722948 61.22184618680075 0.0 53.88818944736145 60.955902954836034 60.955902954836034 38.51997310676926 44.96228677103868 38.51997310676926 38.51997310676926 56.585289731799556 47.67617079261326
55.02227644722948 44.537780901534205 54.92477609723463 44.537780901534205 53.840886062613635 54.92477609723463 50.52729246428253 51.081475700275625 53.88818944736145 0.0 52.354891104463896 44.96228677103868 38.51997310676926 60.955902954836034 44.96228677103868 45.45278805284669 44.96228677103868 53.88818944736145
53.88818944736145 46.45782370423031 53.88818944736145 60.955902954836034 44.96228677103868 52.354891104463896 56.585289731799556 46.45782370423031 60.955902954836034 52.354891104463896 0.0 45.45278805284669 53.88818944736145 61.22184618680075 53.840886062613635 61.87586085788971 50.52729246428253 53.840886062613635
51.081475700275625 44.537780901534205 61.87586085788971 55.34954172075298 53.30120404030467 46.45782370423031 55.34954172075298 55.34954172075298 60.955902954836034 44.96228677103868 45.45278805284669 0.0 54.92477609723463 61.87586085788971 45.45278805284669 56.585289731799556 60.955902954836034 54.92477609723463
50.52729246428253 38.51997310676926 44.537780901534205 51.081475700275625 44.537780901534205 53.840886062613635 55.34954172075298 45.45278805284669 38.51997310676926 38.51997310676926 53.88818944736145 54.92477609723463 0.0 56.585289731799556 60.955902954836034 46.45782370423031 47.67617079261326 44.96228677103868
54.92477609723463 50.52729246428253 47.67617079261326 61.87586085788971 51.081475700275625 54.92477609723463 50.52729246428253 54.92477609723463 44.96228677103868 60.955902954836034 61.22184618680075 61.87586085788971 56.585289731799556 0.0 47.67617079261326 60.955902954836034 38.51997310676926 38.51997310676926
53.88818944736145 56.80417411483482 44.96228677103868 51.081475700275625 50.52729246428253 50.52729246428253 56.585289731799556 61.22184618680075 38.51997310676926 44.96228677103868 53.840886062613635 45.45278805284669 60.955902954836034 47.67617079261326 0.0 38.51997310676926 38.51997310676926 56.80417411483482
46.45782370423031 56.585289731799556 53.88818944736145 55.34954172075298 45.45278805284669 55.34954172075298 51.081475700275625 44.537780901534205 38.51997310676926 45.45278805284669 61.87586085788971 56.585289731799556 46.45782370423031 60.955902954836034 38.51997310676926 0.0 56.585289731799556 45.45278805284669
46.45782370423031 61.87586085788971 54.92477609723463 38.51997310676926 60.955902954836034 44.537780901534205 55.34954172075298 56.585289731799556 56.585289731799556 44.96228677103868 50.52729246428253 60.955902954836034 47.67617079261326 38.51997310676926 38.51997310676926 56.585289731799556 0.0 53.88818944736145
53.30120404030467 51.081475700275625 52.354891104463896 54.92477609723463 53.30120404030467 61.87586085788971 61.22184618680075 52.354891104463896 47.67617079261326 53.88818944736145 53.840886062613635 54.92477609723463 44.96228677103868 38.51997310676926 56.80417411483482 45.45278805284669 53.88818944736145 0.0
