35
0.0 57.36787455579705 36.933400005611965 42.80027346397315 55.18692870237353 42.729080462913345 36.933400005611965 41.29622412123136 55.07719235708457 42.80027346397315 43.00072268797664 51.97571623938306 41.29622412123136 71.98110606107889 71.98110606107889 55.07719235708457 50.980454188020026 71.98110606107889 71.98110606107889 58.06543855139471 42.80027346397315 47.17164733915098 38.65762542259006 58.06543855139471 36.933400005611965 42.729080462913345 60.989850554147225 40.83553777452076 43.19179541577155 57.36787455579705 41.29622412123136 42.729080462913345 38.65762542259006 50.980454188020026 60.989850554147225
57.36787455579705 0.0 60.989850554147225 58.06543855139471 43.00072268797664 36.933400005611965 38.65762542259006 41.29622412123136 38.65762542259006 47.17164733915098 42.80027346397315 42.729080462913345 71.98110606107889 51.97571623938306 47.17164733915098 40.83553777452076 42.729080462913345 41.29622412123136 38.65762542259006 60.989850554147225 43.00072268797664 42.729080462913345 43.19179541577155 57.36787455579705 47.17164733915098 58.06543855139471 57.36787455579705 38.65762542259006 40.83553777452076 47.81658415988659 46.61831849977806 47.17164733915098 50.690536371868944 60.989850554147225 36.933400005611965
36.933400005611965 60.989850554147225 0.0 55.18692870237353 42.729080462913345 55.07719235708457 43.19179541577155 46.61831849977806 40.83553777452076 58.06543855139471 46.61831849977806 43.19179541577155 46.61831849977806 43.00072268797664 40.83553777452076 55.18692870237353 46.61831849977806 42.729080462913345 58.06543855139471 41.29622412123136 42.729080462913345 47.81658415988659 43.19179541577155 50.690536371868944 51.97571623938306 50.690536371868944 50.690536371868944 41.29622412123136 71.98110606107889 55.07719235708457 42.80027346397315 43.00072268797664 46.61831849977806 43.00072268797664 55.18692870237353
42.80027346397315 58.06543855139471 55.18692870237353 0.0 46.61831849977806 58.06543855139471 55.18692870237353 47.17164733915098 50.690536371868944 42.729080462913345 60.989850554147225 50.690536371868944 60.989850554147225 55.18692870237353 60.989850554147225 36.933400005611965 55.07719235708457 55.18692870237353 47.17164733915098 36.933400005611965 43.00072268797664 41.29622412123136 55.18692870237353 57.36787455579705 55.18692870237353 40.83553777452076 38.65762542259006 50.690536371868944 38.65762542259006 38.65762542259006 40.83553777452076 41.29622412123136 40.83553777452076 40.83553777452076 47.17164733915098
55.18692870237353 43.00072268797664 42.729080462913345 46.61831849977806 0.0 60.989850554147225 71.98110606107889 36.933400005611965 51.97571623938306 51.97571623938306 58.06543855139471 42.729080462913345 60.989850554147225 42.80027346397315 60.989850554147225 42.729080462913345 38.65762542259006 38.65762542259006 71.98110606107889 71.98110606107889 43.00072268797664 47.81658415988659 41.29622412123136 55.07719235708457 58.06543855139471 50.980454188020026 55.18692870237353 58.06543855139471 38.65762542259006 55.07719235708457 47.81658415988659 60.989850554147225 55.18692870237353 60.989850554147225 36.933400005611965
42.729080462913345 36.933400005611965 55.07719235708457 58.06543855139471 60.989850554147225 0.0 36.933400005611965 47.81658415988659 50.690536371868944 50.690536371868944 43.19179541577155 55.18692870237353 46.61831849977806 42.80027346397315 60.989850554147225 36.933400005611965 55.07719235708457 38.65762542259006 57.36787455579705 55.18692870237353 43.00072268797664 43.19179541577155 46.61831849977806 50.690536371868944 58.06543855139471 60.989850554147225 42.729080462913345 47.17164733915098 43.00072268797664 55.07719235708457 43.00072268797664 42.729080462913345 43.19179541577155 55.18692870237353 43.19179541577155
36.933400005611965 38.65762542259006 43.19179541577155 55.18692870237353 71.98110606107889 36.933400005611965 0.0 57.36787455579705 57.36787455579705 55.07719235708457 51.97571623938306 71.98110606107889 43.00072268797664 60.989850554147225 55.18692870237353 47.81658415988659 57.36787455579705 47.17164733915098 42.80027346397315 42.80027346397315 41.29622412123136 41.29622412123136 46.61831849977806 55.07719235708457 55.18692870237353 38.65762542259006 42.80027346397315 47.81658415988659 42.80027346397315 43.19179541577155 55.07719235708457 43.00072268797664 50.980454188020026 38.65762542259006 41.29622412123136
41.29622412123136 41.29622412123136 46.61831849977806 47.17164733915098 36.933400005611965 47.81658415988659 57.36787455579705 0.0 71.98110606107889 58.06543855139471 43.00072268797664 55.07719235708457 50.980454188020026 46.61831849977806 40.83553777452076 51.97571623938306 42.729080462913345 57.36787455579705 47.81658415988659 47.17164733915098 46.61831849977806 38.65762542259006 55.07719235708457 40.83553777452076 58.06543855139471 51.97571623938306 50.980454188020026 43.00072268797664 55.18692870237353 51.97571623938306 51.97571623938306 43.00072268797664 43.00072268797664 47.81658415988659 43.00072268797664
55.07719235708457 38.65762542259006 40.83553777452076 50.690536371868944 51.97571623938306 50.690536371868944 57.36787455579705 71.98110606107889 0.0 47.81658415988659 42.729080462913345 51.97571623938306 46.61831849977806 47.17164733915098 46.61831849977806 36.933400005611965 41.29622412123136 58.06543855139471 47.81658415988659 42.80027346397315 50.980454188020026 55.07719235708457 50.980454188020026 50.980454188020026 38.65762542259006 57.36787455579705 43.19179541577155 47.81658415988659 42.729080462913345 41.29622412123136 57.36787455579705 51.97571623938306 60.989850554147225 36.933400005611965 60.989850554147225
42.80027346397315 47.17164733915098 58.06543855139471 42.729080462913345 51.97571623938306 50.690536371868944 55.07719235708457 58.06543855139471 47.81658415988659 0.0 43.19179541577155 55.07719235708457 71.98110606107889 50.980454188020026 46.61831849977806 46.61831849977806 42.729080462913345 36.933400005611965 55.07719235708457 55.07719235708457 36.933400005611965 57.36787455579705 55.07719235708457 47.17164733915098 38.65762542259006 36.933400005611965 50.980454188020026 40.83553777452076 58.06543855139471 50.690536371868944 40.83553777452076 71.98110606107889 58.06543855139471 57.36787455579705 60.989850554147225
43.00072268797664 42.80027346397315 46.61831849977806 60.989850554147225 58.06543855139471 43.19179541577155 51.97571623938306 43.00072268797664 42.729080462913345 43.19179541577155 0.0 57.36787455579705 47.17164733915098 38.65762542259006 36.933400005611965 57.36787455579705 47.81658415988659 51.97571623938306 55.07719235708457 71.98110606107889 57.36787455579705 60.989850554147225 40.83553777452076 55.07719235708457 43.00072268797664 71.98110606107889 55.07719235708457 60.989850554147225 40.83553777452076 42.729080462913345 36.933400005611965 40.83553777452076 57.36787455579705 57.36787455579705 71.98110606107889
51.97571623938306 42.729080462913345 43.19179541577155 50.690536371868944 42.729080462913345 55.18692870237353 71.98110606107889 55.07719235708457 51.97571623938306 55.07719235708457 57.36787455579705 0.0 36.933400005611965 55.18692870237353 50.980454188020026 71.98110606107889 40.83553777452076 47.17164733915098 58.06543855139471 47.17164733915098 58.06543855139471 43.00072268797664 60.989850554147225 60.989850554147225 41.29622412123136 50.690536371868944 55.18692870237353 42.80027346397315 47.81658415988659 55.18692870237353 46.61831849977806 71.98110606107889 50.980454188020026 36.933400005611965 38.65762542259006
41.29622412123136 71.98110606107889 46.61831849977806 60.989850554147225 60.989850554147225 46.61831849977806 43.00072268797664 50.980454188020026 46.61831849977806 71.98110606107889 47.17164733915098 36.933400005611965 0.0 40.83553777452076 47.17164733915098 42.80027346397315 43.19179541577155 47.17164733915098 51.97571623938306 50.980454188020026 50.690536371868944 47.81658415988659 40.83553777452076 57.36787455579705 47.17164733915098 60.989850554147225 47.81658415988659 71.98110606107889 43.00072268797664 46.61831849977806 55.07719235708457 50.690536371868944 55.18692870237353 38.65762542259006 40.83553777452076
71.98110606107889 51.97571623938306 43.00072268797664 55.18692870237353 42.80027346397315 42.80027346397315 60.989850554147225 46.61831849977806 47.17164733915098 50.980454188020026 38.65762542259006 55.18692870237353 40.83553777452076 0.0 71.98110606107889 41.29622412123136 50.690536371868944 60.989850554147225 57.36787455579705 71.98110606107889 46.61831849977806 43.00072268797664 46.61831849977806 50.980454188020026 42.729080462913345 50.690536371868944 58.06543855139471 40.83553777452076 40.83553777452076 38.65762542259006 47.17164733915098 55.07719235708457 51.97571623938306 43.19179541577155 60.989850554147225
71.98110606107889 47.17164733915098 40.83553777452076 60.989850554147225 60.989850554147225 60.989850554147225 55.18692870237353 40.83553777452076 46.61831849977806 46.61831849977806 36.933400005611965 50.980454188020026 47.17164733915098 71.98110606107889 0.0 42.729080462913345 55.18692870237353 47.17164733915098 50.690536371868944 57.36787455579705 58.06543855139471 46.61831849977806 51.97571623938306 57.36787455579705 55.07719235708457 57.36787455579705 46.61831849977806 50.980454188020026 38.65762542259006 36.933400005611965 55.18692870237353 50.690536371868944 58.06543855139471 38.65762542259006 40.83553777452076
55.07719235708457 40.83553777452076 55.18692870237353 36.933400005611965 42.729080462913345 36.933400005611965 47.81658415988659 51.97571623938306 36.933400005611965 46.61831849977806 57.36787455579705 71.98110606107889 42.80027346397315 41.29622412123136 42.729080462913345 0.0 43.19179541577155 50.980454188020026 58.06543855139471 42.80027346397315 41.29622412123136 43.19179541577155 46.61831849977806 58.06543855139471 46.61831849977806 50.980454188020026 42.729080462913345 40.83553777452076 47.81658415988659 46.61831849977806 43.00072268797664 40.83553777452076 57.36787455579705 55.07719235708457 38.65762542259006
50.980454188020026 42.729080462913345 46.61831849977806 55.07719235708457 38.65762542259006 55.07719235708457 57.36787455579705 42.729080462913345 41.29622412123136 42.729080462913345 47.81658415988659 40.83553777452076 43.19179541577155 50.690536371868944 55.18692870237353 43.19179541577155 0.0 43.00072268797664 50.980454188020026 55.07719235708457 55.18692870237353 43.00072268797664 57.36787455579705 41.29622412123136 38.65762542259006 57.36787455579705 43.19179541577155 40.83553777452076 71.98110606107889 57.36787455579705 50.690536371868944 55.18692870237353 60.989850554147225 50.690536371868944 47.81658415988659
71.98110606107889 41.29622412123136 42.729080462913345 55.18692870237353 38.65762542259006 38.65762542259006 47.17164733915098 57.36787455579705 58.06543855139471 36.933400005611965 51.97571623938306 47.17164733915098 47.17164733915098 60.989850554147225 47.17164733915098 50.980454188020026 43.00072268797664 0.0 47.17164733915098 47.17164733915098 51.97571623938306 50.980454188020026 50.690536371868944 60.989850554147225 36.933400005611965 42.729080462913345 40.83553777452076 42.729080462913345 50.980454188020026 43.19179541577155 43.19179541577155 46.61831849977806 55.07719235708457 36.933400005611965 42.729080462913345
71.98110606107889 38.65762542259006 58.06543855139471 47.17164733915098 71.98110606107889 57.36787455579705 42.80027346397315 47.81658415988659 47.81658415988659 55.07719235708457 55.07719235708457 58.06543855139471 51.97571623938306 57.36787455579705 50.690536371868944 58.06543855139471 50.980454188020026 47.17164733915098 0.0 42.729080462913345 57.36787455579705 50.980454188020026 58.06543855139471 46.61831849977806 40.83553777452076 42.729080462913345 41.29622412123136 38.65762542259006 38.65762542259006 55.07719235708457 50.690536371868944 55.07719235708457 42.729080462913345 55.07719235708457 40.83553777452076
58.06543855139471 60.989850554147225 41.29622412123136 36.933400005611965 71.98110606107889 55.18692870237353 42.80027346397315 47.17164733915098 42.80027346397315 55.07719235708457 71.98110606107889 47.17164733915098 50.980454188020026 71.98110606107889 57.36787455579705 42.80027346397315 55.07719235708457 47.17164733915098 42.729080462913345 0.0 51.97571623938306 51.97571623938306 50.690536371868944 42.80027346397315 60.989850554147225 50.980454188020026 57.36787455579705 50.980454188020026 41.29622412123136 43.00072268797664 43.00072268797664 46.61831849977806 43.19179541577155 42.729080462913345 36.933400005611965
42.80027346397315 43.00072268797664 42.729080462913345 43.00072268797664 43.00072268797664 43.00072268797664 41.29622412123136 46.61831849977806 50.980454188020026 36.933400005611965 57.36787455579705 58.06543855139471 50.690536371868944 46.61831849977806 58.06543855139471 41.29622412123136 55.18692870237353 51.97571623938306 57.36787455579705 51.97571623938306 0.0 57.36787455579705 40.83553777452076 71.98110606107889 46.61831849977806 43.00072268797664 47.81658415988659 47.17164733915098 50.690536371868944 58.06543855139471 47.81658415988659 47.81658415988659 71.98110606107889 71.98110606107889 46.61831849977806
47.17164733915098 42.729080462913345 47.81658415988659 41.29622412123136 47.81658415988659 43.19179541577155 41.29622412123136 38.65762542259006 55.07719235708457 57.36787455579705 60.989850554147225 43.00072268797664 47.81658415988659 43.00072268797664 46.61831849977806 43.19179541577155 43.00072268797664 50.980454188020026 50.980454188020026 51.97571623938306 57.36787455579705 0.0 43.19179541577155 50.980454188020026 42.729080462913345 50.690536371868944 47.81658415988659 50.690536371868944 58.06543855139471 42.80027346397315 55.18692870237353 71.98110606107889 46.61831849977806 38.65762542259006 36.933400005611965
38.65762542259006 43.19179541577155 43.19179541577155 55.18692870237353 41.29622412123136 46.61831849977806 46.61831849977806 55.07719235708457 50.980454188020026 55.07719235708457 40.83553777452076 60.989850554147225 40.83553777452076 46.61831849977806 51.97571623938306 46.61831849977806 57.36787455579705 50.690536371868944 58.06543855139471 50.690536371868944 40.83553777452076 43.19179541577155 0.0 38.65762542259006 43.00072268797664 57.36787455579705 51.97571623938306 47.81658415988659 36.933400005611965 47.81658415988659 58.06543855139471 42.729080462913345 58.06543855139471 50.690536371868944 60.989850554147225
58.06543855139471 57.36787455579705 50.690536371868944 57.36787455579705 55.07719235708457 50.690536371868944 55.07719235708457 40.83553777452076 50.980454188020026 47.17164733915098 55.07719235708457 60.989850554147225 57.36787455579705 50.980454188020026 57.36787455579705 58.06543855139471 41.29622412123136 60.989850554147225 46.61831849977806 42.80027346397315 71.98110606107889 50.980454188020026 38.65762542259006 0.0 42.729080462913345 50.690536371868944 55.07719235708457 43.00072268797664 41.29622412123136 47.81658415988659 47.81658415988659 60.989850554147225 60.989850554147225 42.80027346397315 42.729080462913345
36.933400005611965 47.17164733915098 51.97571623938306 55.18692870237353 58.06543855139471 58.06543855139471 55.18692870237353 58.06543855139471 38.65762542259006 38.65762542259006 43.00072268797664 41.29622412123136 47.17164733915098 42.729080462913345 55.07719235708457 46.61831849977806 38.65762542259006 36.933400005611965 40.83553777452076 60.989850554147225 46.61831849977806 42.729080462913345 43.00072268797664 42.729080462913345 0.0 40.83553777452076 40.83553777452076 51.97571623938306 71.98110606107889 51.97571623938306 50.690536371868944 55.18692870237353 42.729080462913345 50.980454188020026 51.97571623938306
42.729080462913345 58.06543855139471 50.690536371868944 40.83553777452076 50.980454188020026 60.989850554147225 38.65762542259006 51.97571623938306 57.36787455579705 36.933400005611965 71.98110606107889 50.690536371868944 60.989850554147225 50.690536371868944 57.36787455579705 50.980454188020026 57.36787455579705 42.729080462913345 42.729080462913345 50.980454188020026 43.00072268797664 50.690536371868944 57.36787455579705 50.690536371868944 40.83553777452076 0.0 46.61831849977806 43.00072268797664 47.17164733915098 38.65762542259006 41.29622412123136 47.17164733915098 43.19179541577155 55.07719235708457 46.61831849977806
60.989850554147225 57.36787455579705 50.690536371868944 38.65762542259006 55.18692870237353 42.729080462913345 42.80027346397315 50.980454188020026 43.19179541577155 50.980454188020026 55.07719235708457 55.18692870237353 47.81658415988659 58.06543855139471 46.61831849977806 42.729080462913345 43.19179541577155 40.83553777452076 41.29622412123136 57.36787455579705 47.81658415988659 47.81658415988659 51.97571623938306 55.07719235708457 40.83553777452076 46.61831849977806 0.0 40.83553777452076 43.19179541577155 46.61831849977806 55.07719235708457 50.980454188020026 38.65762542259006 40.83553777452076 38.65762542259006
40.83553777452076 38.65762542259006 41.29622412123136 50.690536371868944 58.06543855139471 47.17164733915098 47.81658415988659 43.00072268797664 47.81658415988659 40.83553777452076 60.989850554147225 42.80027346397315 71.98110606107889 40.83553777452076 50.980454188020026 40.83553777452076 40.83553777452076 42.729080462913345 38.65762542259006 50.980454188020026 47.17164733915098 50.690536371868944 47.81658415988659 43.00072268797664 51.97571623938306 43.00072268797664 40.83553777452076 0.0 50.690536371868944 47.17164733915098 43.19179541577155 58.06543855139471 47.17164733915098 60.989850554147225 38.65762542259006
43.19179541577155 40.83553777452076 71.98110606107889 38.65762542259006 38.65762542259006 43.00072268797664 42.80027346397315 55.18692870237353 42.729080462913345 58.06543855139471 40.83553777452076 47.81658415988659 43.00072268797664 40.83553777452076 38.65762542259006 47.81658415988659 71.98110606107889 50.980454188020026 38.65762542259006 41.29622412123136 50.690536371868944 58.06543855139471 36.933400005611965 41.29622412123136 71.98110606107889 47.17164733915098 43.19179541577155 50.690536371868944 0.0 57.36787455579705 51.97571623938306 43.00072268797664 42.80027346397315 47.81658415988659 50.980454188020026
57.36787455579705 47.81658415988659 55.07719235708457 38.65762542259006 55.07719235708457 55.07719235708457 43.19179541577155 51.97571623938306 41.29622412123136 50.690536371868944 42.729080462913345 55.18692870237353 46.61831849977806 38.65762542259006 36.933400005611965 46.61831849977806 57.36787455579705 43.19179541577155 55.07719235708457 43.00072268797664 58.06543855139471 42.80027346397315 47.81658415988659 47.81658415988659 51.97571623938306 38.65762542259006 46.61831849977806 47.17164733915098 57.36787455579705 0.0 42.729080462913345 60.989850554147225 42.80027346397315 40.83553777452076 46.61831849977806
41.29622412123136 46.61831849977806 42.80027346397315 40.83553777452076 47.81658415988659 43.00072268797664 55.07719235708457 51.97571623938306 57.36787455579705 40.83553777452076 36.933400005611965 46.61831849977806 55.07719235708457 47.17164733915098 55.18692870237353 43.00072268797664 50.690536371868944 43.19179541577155 50.690536371868944 43.00072268797664 47.81658415988659 55.18692870237353 58.06543855139471 47.81658415988659 50.690536371868944 41.29622412123136 55.07719235708457 43.19179541577155 51.97571623938306 42.729080462913345 0.0 58.06543855139471 60.989850554147225 55.18692870237353 57.36787455579705
42.729080462913345 47.17164733915098 43.00072268797664 41.29622412123136 60.989850554147225 42.729080462913345 43.00072268797664 43.00072268797664 51.97571623938306 71.98110606107889 40.83553777452076 71.98110606107889 50.690536371868944 55.07719235708457 50.690536371868944 40.83553777452076 55.18692870237353 46.61831849977806 55.07719235708457 46.61831849977806 47.81658415988659 71.98110606107889 42.729080462913345 60.989850554147225 55.18692870237353 47.17164733915098 50.980454188020026 58.06543855139471 43.00072268797664 60.989850554147225 58.06543855139471 0.0 60.989850554147225 43.19179541577155 38.65762542259006
38.65762542259006 50.690536371868944 46.61831849977806 40.83553777452076 55.18692870237353 43.19179541577155 50.980454188020026 43.00072268797664 60.989850554147225 58.06543855139471 57.36787455579705 50.980454188020026 55.18692870237353 51.97571623938306 58.06543855139471 57.36787455579705 60.989850554147225 55.07719235708457 42.729080462913345 43.19179541577155 71.98110606107889 46.61831849977806 58.06543855139471 60.989850554147225 42.729080462913345 43.19179541577155 38.65762542259006 47.17164733915098 42.80027346397315 42.80027346397315 60.989850554147225 60.989850554147225 0.0 71.98110606107889 55.07719235708457
50.980454188020026 60.989850554147225 43.00072268797664 40.83553777452076 60.989850554147225 55.18692870237353 38.65762542259006 47.81658415988659 36.933400005611965 57.36787455579705 57.36787455579705 36.933400005611965 38.65762542259006 43.19179541577155 38.65762542259006 55.07719235708457 50.690536371868944 36.933400005611965 55.07719235708457 42.729080462913345 71.98110606107889 38.65762542259006 50.690536371868944 42.80027346397315 50.980454188020026 55.07719235708457 40.83553777452076 60.989850554147225 47.81658415988659 40.83553777452076 55.18692870237353 43.19179541577155 71.98110606107889 0.0 40.83553777452076
60.989850554147225 36.933400005611965 55.18692870237353 47.17164733915098 36.933400005611965 43.19179541577155 41.29622412123136 43.00072268797664 60.989850554147225 60.989850554147225 71.98110606107889 38.65762542259006 40.83553777452076 60.989850554147225 40.83553777452076 38.65762542259006 47.81658415988659 42.729080462913345 40.83553777452076 36.933400005611965 46.61831849977806 36.933400005611965 60.989850554147225 42.729080462913345 51.97571623938306 46.61831849977806 38.65762542259006 38.65762542259006 50.980454188020026 46.61831849977806 57.36787455579705 38.65762542259006 55.07719235708457 40.83553777452076 0.0
