15
0.0 54.43373079787896 52.63672373225487 65.7613403446291 65.7613403446291 48.453378448162255 43.90250533562387 43.90250533562387 73.02433797014422 46.107331177259795 32.38713990117358 49.41654665097113 64.50271060765611 65.7613403446291 54.43373079787896
54.43373079787896 0.0 65.7613403446291 41.36101849260559 46.107331177259795 48.453378448162255 54.43373079787896 52.63672373225487 73.02433797014422 49.41654665097113 65.7613403446291 52.63672373225487 64.50271060765611 65.7613403446291 49.41654665097113
52.63672373225487 65.7613403446291 0.0 33.15147708336591 32.467835949496504 57.87222877836948 57.87222877836948 54.43373079787896 52.63672373225487 51.805466427454704 52.63672373225487 64.50271060765611 65.7613403446291 45.471877332315245 73.02433797014422
65.7613403446291 41.36101849260559 33.15147708336591 0.0 44.71651738252009 51.805466427454704 43.90250533562387 57.87222877836948 52.63672373225487 43.90250533562387 46.107331177259795 64.50271060765611 41.36101849260559 45.471877332315245 49.41654665097113
65.7613403446291 46.107331177259795 32.467835949496504 44.71651738252009 0.0 43.90250533562387 32.38713990117358 57.87222877836948 46.87135476982009 49.41654665097113 43.90250533562387 41.36101849260559 73.02433797014422 33.15147708336591 46.87135476982009
48.453378448162255 48.453378448162255 57.87222877836948 51.805466427454704 43.90250533562387 0.0 44.71651738252009 52.99236949196056 52.99236949196056 45.471877332315245 73.02433797014422 65.7613403446291 64.61804805602738 45.471877332315245 48.453378448162255
43.90250533562387 54.43373079787896 57.87222877836948 43.90250533562387 32.38713990117358 44.71651738252009 0.0 46.107331177259795 46.107331177259795 33.15147708336591 52.99236949196056 32.38713990117358 51.805466427454704 65.7613403446291 54.43373079787896
43.90250533562387 52.63672373225487 54.43373079787896 57.87222877836948 57.87222877836948 52.99236949196056 46.107331177259795 0.0 32.38713990117358 64.50271060765611 52.99236949196056 52.99236949196056 33.15147708336591 33.15147708336591 44.71651738252009
73.02433797014422 73.02433797014422 52.63672373225487 52.63672373225487 46.87135476982009 52.99236949196056 46.107331177259795 32.38713990117358 0.0 44.71651738252009 49.41654665097113 32.38713990117358 46.87135476982009 52.99236949196056 64.50271060765611
46.107331177259795 49.41654665097113 51.805466427454704 43.90250533562387 49.41654665097113 45.471877332315245 33.15147708336591 64.50271060765611 44.71651738252009 0.0 32.38713990117358 32.467835949496504 33.15147708336591 46.87135476982009 49.41654665097113
32.38713990117358 65.7613403446291 52.63672373225487 46.107331177259795 43.90250533562387 73.02433797014422 52.99236949196056 52.99236949196056 49.41654665097113 32.38713990117358 0.0 73.02433797014422 46.87135476982009 52.99236949196056 57.87222877836948
49.41654665097113 52.63672373225487 64.50271060765611 64.50271060765611 41.36101849260559 65.7613403446291 32.38713990117358 52.99236949196056 32.38713990117358 32.467835949496504 73.02433797014422 0.0 45.471877332315245 46.107331177259795 64.50271060765611
64.50271060765611 64.50271060765611 65.7613403446291 41.36101849260559 73.02433797014422 64.61804805602738 51.805466427454704 33.15147708336591 46.87135476982009 33.15147708336591 46.87135476982009 45.471877332315245 0.0 52.63672373225487 64.61804805602738
65.7613403446291 65.7613403446291 45.471877332315245 45.471877332315245 33.15147708336591 45.471877332315245 65.7613403446291 33.15147708336591 52.99236949196056 46.87135476982009 52.99236949196056 46.107331177259795 52.63672373225487 0.0 32.38713990117358
54.43373079787896 49.41654665097113 73.02433797014422 49.41654665097113 46.87135476982009 48.453378448162255 54.43373079787896 44.71651738252009 64.50271060765611 49.41654665097113 57.87222877836948 64.50271060765611 64.61804805602738 32.38713990117358 0.0
