SA_DIS: [416.36128132869413, 461.45983481234776, 394.0168501214223, 410.13359158602395, 383.4348568129652,
        736.4222049596809, 748.3661549372592, 749.6789470441566, 741.5588836858417, 773.1699839076126]

SA_TIME: [0.43, 0.44, 0.33, 0.33, 0.34,
        0.58, 0.48, 0.59, 0.47, 0.45]

DP_DIS: [414.0759504298615, 461.1009322587407, 394.01685012142235, 408.81016628921327, 377.9677436696582, 
        699.6214041635594, 726.190430619759, 708.5032657566356, 714.1858275019719, 758.6837434169134]

DP_TIME: [0.01, 0.00, 0.01, 0.01, 0.00,
        22.90, 23.05, 23.51, 24.01, 24.47]