10
0.0 50.2142476608748 40.434554471187845 40.93789825860689 64.62983342463872 39.94306532521972 40.434554471187845 57.97934373672106 46.644687313595604 64.62983342463872
50.2142476608748 0.0 40.93789825860689 40.93789825860689 62.12794473249947 57.97934373672106 40.93789825860689 22.43581025573423 39.94306532521972 66.71421440435759
40.434554471187845 40.93789825860689 0.0 66.71421440435759 39.94306532521972 40.93789825860689 58.08588255319833 43.121055743065995 22.43581025573423 59.16789392695088
40.93789825860689 40.93789825860689 66.71421440435759 0.0 52.39013312746118 39.32640967434055 52.39013312746118 40.434554471187845 55.262985722210104 49.49620939257219
64.62983342463872 62.12794473249947 39.94306532521972 52.39013312746118 0.0 40.95338795709779 40.95338795709779 44.0942285401201 50.215972185015865 52.39013312746118
39.94306532521972 57.97934373672106 40.93789825860689 39.32640967434055 40.95338795709779 0.0 39.32640967434055 58.08588255319833 57.97934373672106 55.262985722210104
40.434554471187845 40.93789825860689 58.08588255319833 52.39013312746118 40.95338795709779 39.32640967434055 0.0 62.12794473249947 40.434554471187845 62.12794473249947
57.97934373672106 22.43581025573423 43.121055743065995 40.434554471187845 44.0942285401201 58.08588255319833 62.12794473249947 0.0 40.93789825860689 64.62983342463872
46.644687313595604 39.94306532521972 22.43581025573423 55.262985722210104 50.215972185015865 57.97934373672106 40.434554471187845 40.93789825860689 0.0 40.95338795709779
64.62983342463872 66.71421440435759 59.16789392695088 49.49620939257219 52.39013312746118 55.262985722210104 62.12794473249947 64.62983342463872 40.95338795709779 0.0
